杆件	内力	恒载	活载	升温20	降温20	Wind30°	Wind120°	Wind150°	Wind180°	Wind210°	Wind240°	Wind330°	地震X	地震Y	地震Z
拱上弦杆1剪力FX(kN)	1811.656	408.947	854.736	-683.789	-650.265	-151.838	-348.904	-359.739	-278.362	-240.526	-1202.44	-148.104	-231.557	181.166
	剪力FY(kN)	-3399.33	-783.321	-1461.79	1169.433	1261.495	300.522	667.477	702.156	555.015	467.267	2235.103	303.795	442.157	-339.933
	轴力FZ(kN)	-2090.33	-464.641	-692.327	553.862	748.882	167.145	376.537	407.683	345.335	268.363	1125.546	125.110	195.590	-209.033
	MX(kN.m)	-163.525	-11.904	916.593	-733.275	152.255	-42.538	-88.253	-15.45	92.67	-64.159	-1003.56	-320.364	-418.054	-16.353
	MY(kN.m)	-370.423	-95.298	396.363	-317.09	92.072	19.58	36.849	90.574	151.992	68.418	-215.363	-48.942	-97.020	-37.042
	MZ(kN.m)	616.42	169.281	22.986	-18.388	-290.039	-94.818	-161.841	-181.482	-149.711	-118.721	-438.556	-127.886	-101.143	61.642
拱上弦杆2剪力FX(kN)	1621.164	357.881	517.741	-414.192	-847.625	-119.916	-247.286	-302.206	-261.947	-158.475	-666.246	-188.852	-192.111	162.116
	剪力FY(kN)	-3579.39	-811.317	-949.25	759.4	1857.887	285.748	571.786	704.798	623.53	382.366	1478.014	432.769	431.337	-357.939
	轴力FZ(kN)	-2167.77	-474.777	-360.294	288.235	1123.32	157.989	314.779	402.226	373.599	204.278	650.313	187.086	169.825	-216.777
	MX(kN.m)	-346.537	-48.363	1063.332	-850.666	392.137	-21.484	-66.228	12.823	101.357	-94.922	-1104.86	-383.651	-515.133	-34.654
	MY(kN.m)	-442.215	-114.121	365.516	-292.413	179.458	35.412	60.501	109.378	149.855	66.847	-129.53	-34.240	-84.474	-44.222
	MZ(kN.m)	660.049	179.401	-124.539	99.631	-299.347	-93.175	-158.307	-189.812	-175.599	-124.033	-332.364	-112.434	-68.308	66.005
拱下弦杆剪力FX(kN)	2404.354	710.483	172.374	-137.9	-1562.73	-266.586	-506.547	-714.558	-668.304	-320.964	-960.539	-296.830	-371.461	240.435
	剪力FY(kN)	-4589.16	-1346.97	-215.853	172.683	2976.809	516.461	968.035	1356.919	1266.993	612.124	1794.416	572.627	712.459	-458.916
	轴力FZ(kN)	-2471.9	-704.937	63.058	-50.446	1561.943	258.799	486.015	701.564	680.717	310.94	729.444	239.526	297.102	-247.190
	MX(kN.m)	-202.308	-21.272	902.01	-721.608	160.461	-38.902	-82.113	-5.349	107.61	-53.773	-1003.11	-336.936	-442.897	-20.231
	MY(kN.m)	-398.784	-96.331	452.194	-361.755	170.538	18.691	31.331	85.597	141.242	40.442	-313.876	-71.406	-120.941	-39.878
	MZ(kN.m)	803.811	209.107	-178.947	143.158	-492.067	-114.181	-183.039	-219.514	-186.802	-106.315	-284.641	-121.783	-78.088	80.381
