杆件	内力	恒载	活载	升温20	降温20	Wind330°	地震X	地震Y	地震Z
拱上弦杆1剪力F2(kN)	158.713	20.662	-217.185	173.748	-78.467	62.369	69.316	15.871
	剪力F1(kN)	243.646	61.521	-78.043	62.434	-117.164	70.965	27.261	24.365
	轴力F3(kN)	-3996.792	-912.946	-1527.247	1221.797	2372.971	586.287	507.746	-399.680
	M1(kN.m)	691.759	121.870	-1336.746	1069.397	-545.495	415.603	525.003	69.176
	M2(kN.m)	1158.698	290.367	-246.593	197.274	-459.287	418.286	165.562	115.870
	M3(kN.m)	-118.906	-14.906	225.931	-180.665	182.110	79.329	113.534	-11.891
拱上弦杆2剪力F2(kN)	115.443	11.035	-202.432	161.945	-22.495	56.643	57.999	11.544
	剪力F1(kN)	216.626	55.011	-43.710	34.968	-107.885	64.989	26.548	21.663
	轴力F3(kN)	-4556.883	-1049.894	-1962.945	1570.636	1786.270	360.314	591.924	-455.6
	M1(kN.m)	463.196	77.401	-1179.888	943.911	-240.027	352.162	428.845	46.320
	M2(kN.m)	1112.649	278.835	-119.023	98.219	-458.398	407.865	180.233	111.265
	M3(kN.m)	-90.619	-12.689	110.555	-88.444	155.671	48.606	69.321	-9.062
拱下弦杆剪力F2(kN)	129.197	13.029	-213.090	170.632	-33.888	65.037	66.776	12.920
	剪力F1(kN)	261.815	65.006	-83.849	67.056	-158.980	68.482	35.339	26.182
	轴力F3(kN)	-5784.975	-1700.425	-291.618	233.094	4189.270	639.871	973.220	-578.498
	M1(kN.m)	538.053	90.702	-1220.136	976.109	-302.111	389.888	465.337	53.805
	M2(kN.m)	1309.476	316.268	-369.974	296.979	-712.738	432.547	159.306	130.948
	M3(kN.m)	-154.864	-28.189	155.105	-124.084	178.234	52.541	75.966	-15.486
